1000
19544 27834 6
13772 31942 6
8201 19658 4
13192 24240 0
6692 18792 8
6953 15357 2
21724 32186 7
25036 30187 1
6323 29600 4
6097 9765 9
28365 32712 3
5494 12501 3
20208 23052 2
19401 29997 6
1413 5667 8
832 26711 0
10390 31396 9
5764 28141 6
15888 19156 0
3163 14673 5
6037 28042 4
8125 10603 10
17582 30235 3
12644 24839 10
11426 27780 1
3429 15844 5
10070 10389 10
27304 29193 2
8502 9639 8
728 4236 4
17293 21508 5
24804 31339 4
1184 23311 4
8241 16098 10
23571 29082 4
933 25749 7
4999 16942 1
7308 22271 0
7059 17445 9
17293 24936 3
14269 24899 8
7630 18145 9
10738 28869 5
1998 25517 4
16324 30351 9
16502 32640 3
11490 32301 0
17352 19972 10
10940 16884 2
4006 11027 5
8232 27444 2
2887 23833 5
1837 24193 9
3020 5212 1
12567 20194 6
10846 12339 0
4169 7886 10
8013 17468 8
11837 31533 1
7055 14028 4
13419 28205 4
10014 26858 6
14361 30788 0
15842 22914 2
4488 8606 3
9472 19111 1
2539 10361 0
6549 23086 7
17527 31073 7
24800 28348 6
245 1588 0
1604 4387 2
3234 4643 0
6606 18164 8
22039 31780 4
14500 25859 5
13491 21525 7
13423 17103 9
19686 29015 5
27070 29970 8
8095 31235 6
9498 22544 7
25519 28371 6
2906 28372 7
15246 16087 9
26944 32531 1
864 12685 1
28543 29702 0
637 11284 0
5753 30033 1
5093 25157 4
676 22207 2
1656 7283 8
9744 11380 6
8226 16085 5
3384 4860 6
14925 32017 6
12401 16424 4
6454 8322 0
9687 10945 3
10504 23783 8
15049 19120 5
3751 21838 5
12196 26176 10
19856 23960 1
19381 21991 6
5967 6320 3
2051 31796 9
10603 18821 5
3356 14833 8
146 26316 8
26812 27484 8
4944 5097 1
6570 21160 7
16020 29887 2
12811 16913 1
7785 22031 9
7246 18873 1
29622 32064 2
19227 21573 0
11420 24001 4
9106 24614 1
18626 23174 8
9195 32390 1
7453 20624 8
6383 10341 7
9173 18934 1
7855 12227 1
8659 22760 6
8708 11446 7
8639 17703 5
2346 25558 5
1162 31202 6
2034 29643 6
3662 13151 4
6944 23201 0
21802 22787 2
6255 22203 7
5744 21743 4
3897 25044 1
6690 11199 5
482 4668 4
6814 18051 4
4229 26901 1
3444 16291 8
2639 28399 7
24670 30446 1
7992 12919 8
12363 27475 4
613 6078 6
2248 25367 9
13509 27121 10
2390 15978 1
9173 12206 10
18507 25111 0
17469 29805 3
294 22029 0
1767 12431 4
1273 15056 7
16650 28746 9
10986 19259 10
887 13279 1
12747 20447 1
6334 20738 1
7167 8777 9
8873 8926 7
7290 24547 7
26476 29545 10
3365 19769 4
19395 32282 4
14991 32171 8
2372 14158 10
5828 6766 9
3015 7146 1
4444 23897 6
7088 8732 4
3420 20490 5
21167 29390 0
16917 23127 7
28937 32742 2
2366 9423 3
19310 22165 4
24886 31939 10
335 28494 2
4714 19476 6
13125 30867 10
2616 26463 7
6260 18752 7
22119 27629 0
5364 20343 10
21088 24061 10
230 28077 9
12558 15347 2
30921 32626 5
9554 20723 7
1403 29860 6
7872 25656 10
4236 29162 5
11325 13398 1
11130 27643 7
16018 17963 0
9233 9870 4
10246 32489 10
18621 28909 5
17098 24621 2
12618 24123 2
15940 32130 5
21984 32707 5
16379 25806 5
6585 26980 7
8935 21066 0
9600 19679 7
22921 26354 6
19306 19484 1
9784 14808 0
4813 28639 8
8067 31069 9
19313 31348 0
14596 29311 6
4267 27913 9
1676 31192 5
21995 22082 7
13582 15977 5
15290 26279 6
24039 28495 3
12158 12346 10
233 13450 4
6640 10739 0
11530 25447 5
1997 14041 4
6035 29643 5
8572 27387 1
4886 29117 5
1777 31728 2
8556 25328 10
8682 19411 8
13671 29282 5
14780 17434 0
20181 28078 1
16280 23807 2
7548 11500 1
24591 29851 1
4277 14308 3
15064 24111 3
2379 5330 9
7474 21466 7
23613 28469 0
2193 30822 8
7710 21900 7
21430 28577 8
16728 30190 8
2110 24341 3
22562 22811 0
16613 18007 9
11699 18385 7
22243 26772 6
7400 29248 8
19026 21064 3
12425 25579 9
7419 8791 4
5377 31785 3
9087 12088 4
1296 17723 0
6503 28619 6
11824 26227 2
8520 15176 0
16150 31431 10
6906 32182 6
20844 31056 5
12560 30803 9
6863 29387 4
1547 28305 9
18652 26379 7
22128 22213 2
1914 19112 7
3917 6945 8
11394 31785 6
8596 16348 1
442 6197 2
18152 28463 8
5980 26311 3
844 2834 10
826 32068 5
24045 30152 9
11559 30217 5
8503 16735 7
5205 10013 9
7071 21355 7
16747 21588 8
11389 29107 6
14552 29740 8
11962 26743 4
6584 23650 1
8247 9104 0
11645 19948 4
17167 26733 7
1534 10936 6
7141 24117 5
4021 7580 6
9373 23628 3
1772 28282 7
19591 24803 9
5169 16393 9
2989 6781 9
5372 15475 7
486 11876 5
14310 18914 8
9304 10816 7
228 14198 4
1727 12627 8
4613 13261 8
28793 31398 2
5470 9395 6
4147 10612 1
219 24173 8
5980 6947 5
16048 29798 6
1658 31039 5
17349 32489 0
11090 17789 10
17229 19218 0
30927 31609 4
21059 27423 5
14151 20864 1
26495 28470 0
15880 25963 7
10176 17798 7
6401 9897 9
31410 32094 6
14807 23702 7
19926 21314 9
1304 21047 1
828 19618 0
4622 22427 1
14136 26327 1
6191 10246 7
16165 26237 7
7179 30188 7
27701 28631 5
8534 20149 1
11716 19995 10
2418 14173 5
20118 23382 9
899 17444 10
14139 17534 10
5386 19285 10
12082 18703 6
13674 22639 6
155 11178 7
8223 13443 3
7948 16924 1
10988 20497 4
23248 30240 0
2133 9945 9
228 1895 8
22640 27497 9
22377 31113 10
6406 22227 0
3442 12669 8
1468 6869 3
16586 19309 8
6282 19565 1
17625 20276 1
14020 24706 8
16333 24812 10
4319 20861 10
18148 31333 5
2182 28590 5
14791 17379 2
5572 24839 0
10786 12233 9
13679 26207 0
27018 28391 2
4154 5068 5
4446 20523 4
5413 7328 1
19424 32258 3
13298 21060 7
8055 32019 4
11513 15727 4
4427 5959 4
4971 22630 4
18063 24253 0
19404 20095 8
16576 32535 6
23136 25939 6
3055 10512 3
22755 29131 3
74 26878 9
12082 17509 6
1603 14768 7
9387 29406 1
30658 31090 0
8503 20592 9
19453 21906 8
3963 22331 10
21820 22482 8
13074 27955 4
15991 32286 3
2874 32483 1
3840 22058 1
4005 17455 4
6709 11950 8
27349 30353 0
22513 29141 9
5605 12463 7
2499 7859 2
20652 23906 9
1115 14711 6
904 29649 3
15006 28449 2
17770 25064 8
5722 23033 5
8072 9403 8
3036 10798 3
11561 25796 7
14236 28766 1
1150 21157 4
18677 26182 5
6233 14771 0
4467 22839 2
19315 23128 8
22590 30754 1
20762 27471 6
4691 23350 3
3074 29926 5
28836 28890 10
9128 21084 9
11123 27902 10
6014 31008 7
15979 22708 5
1451 4795 10
11145 22209 2
23670 29224 1
17825 25936 0
17685 28102 5
17206 32479 1
5138 5573 0
614 14494 0
17565 31484 6
11627 13795 7
2719 7639 10
12823 14310 9
4260 19865 6
10474 12661 8
22532 22896 7
3080 9927 6
23016 25010 10
16804 24348 1
8830 9423 0
8752 25868 8
1084 7420 0
22520 28313 1
4389 30960 0
18821 30525 6
4587 17305 2
1657 25541 6
6349 22239 0
21231 30021 10
24695 32671 6
8757 8902 10
10415 15482 9
16663 32643 9
192 2885 3
487 29639 5
8297 31953 8
10084 28465 10
19897 30456 5
14409 20937 10
5867 13506 4
21562 25030 2
24163 27031 1
19509 19559 9
221 5598 3
29735 32701 0
20384 29615 0
15198 28845 7
1386 13820 9
8972 28796 10
6910 19594 7
6269 21393 0
7182 18031 2
22412 31284 4
4120 25057 3
12517 17421 1
7552 29455 0
13828 31782 5
22338 24688 0
21865 32111 10
12828 24898 9
16214 18236 5
257 2385 8
2693 10427 8
13595 16132 7
12276 16699 4
6539 23268 2
16709 31033 8
8877 17288 7
10799 27804 1
4745 23397 9
1272 7164 7
6983 27438 8
30816 32342 1
29506 29704 3
3118 25174 0
13529 29436 6
10462 25011 6
16603 17492 3
12244 18778 8
3649 28754 7
3625 31356 6
19262 28975 4
9781 12308 3
26785 29412 6
16665 18157 4
5363 15267 7
6431 15139 5
5497 24675 8
254 29989 1
10881 31687 10
944 29102 8
9288 30117 9
8338 18789 5
291 891 10
2993 22181 9
8616 30363 6
7226 27988 6
12096 14428 5
7376 27023 4
2224 6124 4
3297 32304 6
14613 20229 1
15374 24675 4
573 28366 0
2052 29426 0
8190 15390 3
4708 30182 7
15435 19881 5
7139 25024 7
12772 31518 2
1984 31837 8
3992 31843 10
7461 15854 8
471 5544 5
19156 19332 7
19981 22433 9
5606 20967 5
4983 26715 4
16778 18415 0
19474 22274 10
29584 31533 6
21714 24139 1
10591 14582 2
28565 31282 3
4615 10806 4
10058 16919 3
18969 26042 2
622 3681 2
1997 27418 8
26010 31847 3
15110 28273 3
11739 17953 0
542 1353 6
1044 19237 3
13520 21487 7
292 15787 0
18626 30797 7
2681 22799 4
1787 29882 10
1009 4052 1
5401 29726 7
32406 32727 2
2299 5299 10
7558 11159 7
24919 27370 0
781 26983 8
19258 25193 9
10304 11402 6
21357 32740 8
1711 15942 6
5545 19042 3
772 2775 6
4114 24180 8
16003 24578 10
62 19591 7
14057 19185 3
3093 6065 9
3481 12263 8
3625 10661 5
2871 22094 7
7907 24576 3
4674 5201 0
11636 16633 1
2933 3313 2
22781 23372 8
6277 10573 5
4797 13783 7
3596 4499 5
20196 22760 2
44 6391 3
3908 8646 5
20908 21195 10
23008 23563 7
22923 32269 6
10135 23969 3
2068 18400 8
635 29599 3
11584 30786 3
22460 28752 8
9611 22426 3
1688 10938 4
12199 16413 0
575 10161 2
406 5813 3
16704 22348 5
16461 30476 4
12226 14960 8
956 21976 0
3748 29897 10
7250 13326 8
18835 27466 2
22128 23599 9
3230 15128 2
2932 4949 3
4195 27138 0
15692 31002 1
13525 31201 2
4159 28843 4
7498 22491 4
15990 24929 3
8568 11524 3
7035 15241 7
5984 11184 8
14871 18847 2
21904 25421 8
12964 24197 3
1922 16654 6
24537 28456 1
18125 25666 10
12644 20986 2
8954 30978 3
16595 21179 6
21315 31176 2
1017 3725 1
9550 31310 3
11577 17355 1
19130 30114 4
2273 12811 1
4518 16637 0
8251 8361 3
5510 17677 10
19898 20015 8
26187 31177 3
22163 23115 6
16609 20264 7
22327 25443 10
15626 28668 6
21924 29031 1
27375 32061 3
16232 28831 3
19436 29245 2
17061 17842 2
29960 32743 3
2084 3484 6
1253 23081 3
1364 15453 3
25301 28887 6
25679 31220 0
18706 23292 8
10776 16169 7
1009 21020 4
1501 30563 10
910 18124 5
422 19372 0
191 13693 0
1153 29057 3
16876 32283 8
5934 23540 4
5001 13947 10
18870 27489 4
169 24564 1
21044 28163 5
1581 7909 7
18983 23130 9
813 19934 10
2663 25366 7
10260 31481 2
22383 30987 10
2051 30836 4
4412 25254 3
14493 19980 6
24065 30512 4
4308 14595 10
7095 8902 8
6354 17056 8
3791 15775 1
20472 21710 0
10818 27860 2
15924 30273 0
15579 28598 3
6274 18946 8
15235 23213 1
24617 31321 10
10829 30351 3
3687 12321 4
2669 30164 10
19965 21287 5
2082 27993 5
4990 7463 7
10305 24069 1
10478 24870 3
25341 32049 4
16067 21092 9
8900 21941 0
16389 31559 3
22990 32574 6
27570 29222 3
17738 30963 1
22356 23834 7
6052 26044 6
4721 22252 1
1976 28482 1
23889 26457 1
4285 10288 5
9006 29109 3
19705 22316 9
3196 5717 10
1438 19205 9
14872 19563 8
3124 14559 6
25211 29532 3
8050 25794 0
18247 30213 10
6285 26946 4
3988 25801 7
6866 22423 10
1696 1999 5
8554 24892 1
18095 32719 0
26077 30941 3
18743 21558 1
5558 26837 9
17126 25265 9
9064 24990 7
25922 32389 1
13837 19727 4
16794 28802 0
12934 16491 9
15068 16436 2
8575 31708 6
163 16314 5
12022 21965 5
19170 27644 5
1594 29863 5
7547 13235 4
2384 15599 0
4851 16274 6
9171 21468 0
2827 8528 9
22162 24548 4
11866 31405 2
10732 19307 1
5253 19049 9
12564 14017 3
17170 31016 2
13279 14525 2
12145 26777 4
7359 12255 0
7743 15412 9
7320 28344 6
8123 9168 9
8539 12455 0
12938 26187 2
8359 23530 3
11128 18084 4
11275 12012 1
5145 9833 9
8507 12496 1
3253 11822 8
1273 20766 4
11503 28378 7
7683 27537 10
8146 19378 10
16434 28772 1
30768 31344 3
12384 19011 10
18697 26282 0
11899 15413 4
8752 10817 3
21726 24346 10
1987 29213 3
12872 32307 7
4067 13241 6
9130 30307 3
4403 29223 10
6204 7260 4
13528 24780 2
15353 20376 2
5753 15359 8
21032 28295 9
3402 8242 10
7758 29505 0
2759 28481 3
18057 23443 1
14248 17450 5
24198 28399 9
3021 18919 0
11963 14620 7
2483 12332 0
16328 20462 5
3656 30003 5
8627 20271 4
16940 20334 9
5873 20279 6
5890 19475 4
461 12165 6
7287 9299 7
3083 5574 2
14042 24925 2
12877 17399 5
1615 15503 1
29065 32469 0
8685 27583 2
4460 24158 8
2469 30302 9
5470 14473 10
6392 19008 5
11007 22311 9
14667 21782 10
1140 25533 3
11143 32141 8
6194 24097 1
28045 28515 3
14074 30261 6
5690 23032 2
17554 28603 1
18443 32210 2
19378 32547 6
17169 25559 1
328 24243 6
20509 22727 10
4101 28420 9
6001 32469 8
13332 26662 4
12572 15228 9
11172 12078 6
16872 31443 6
3960 28275 9
6895 9489 7
15134 29017 7
6149 16178 2
10849 20770 10
3955 15630 9
1397 15179 2
2114 16972 1
14463 19322 10
616 22558 4
18742 27353 6
10551 16880 5
12309 21133 5
5993 16989 3
5414 11089 0
4779 26404 4
10948 24828 3
12493 14310 5
180 30155 8
12589 32668 5
8571 16095 7
3422 28554 1
16852 30971 4
3766 32276 5
7155 27207 2
160 20599 8
415 22997 6
22383 25265 5
11479 20142 9
4603 18782 0
18912 27123 5
26339 28609 6
6577 6696 4
6809 20176 2
19579 31400 1
15313 29153 9
5875 6269 3
3986 9984 1
8311 29956 7
9631 11828 6
3544 11590 9
8156 25102 4
10147 12437 9
16965 29182 6
10987 14280 2
12902 18243 5
6694 19644 1
24614 31470 3
10317 19807 6
24193 31915 3
10300 15888 9
20054 23730 7
109 20509 1
6295 29908 4
16277 28781 4
25725 31337 2
17065 18752 2
27317 29639 9
1819 12744 9
9290 11805 5
23728 32759 8
4944 30629 8
1924 14948 9
2739 11470 0
6159 24322 8
8129 20715 8
29848 31308 9
3589 8993 2
1687 17148 7
25902 32664 10
9414 30375 1
2660 25317 8
6923 26306 1
416 13780 1
10066 26425 1
26813 31599 1
20900 22492 3
10738 29807 6
20133 21451 1
271 31427 5
102 24294 10
3704 6858 3
2392 11404 0
1835 2949 5
10092 14902 3
21354 22259 2
5082 21937 6
13617 20506 9
10402 18492 4
20029 29023 7
11950 13592 1
3144 12978 6
17240 21679 0
8035 26524 4
7312 7615 3
3158 25127 5
23913 29856 9
3277 5922 6
831 19977 8
16713 27209 8
27705 30649 9
17695 27700 3
19352 20573 10
23390 32738 9
17895 32055 8
22187 22591 2
5766 15666 0
16859 19236 10
15476 23610 10
11056 23444 10
1707 2035 7
14004 19652 8
15579 19836 0
7531 29935 7
22386 26532 5
7586 8796 1
5717 27796 0
15561 28778 0
19915 25918 8
2039 20623 2
12198 13259 0
9483 24689 7
17013 32405 5
17904 30278 3
13690 15122 0
675 5868 8
7433 31163 4
5387 24123 4
16526 21800 5
25662 26520 1
2072 9284 9
10434 21168 2
27363 28719 5
56 19639 4
25281 31278 5
6139 10889 9
23079 28286 0
28669 32407 2
19571 24698 9
4607 31580 10
5698 30240 0
9125 15489 9
4044 27551 2
6478 22692 2
14207 30597 3
15951 16906 1
7790 15810 6
12275 24508 0
1253 4415 8
6374 23804 0
6090 11470 0
14448 18741 2
4110 4198 1
